8 14


1
3 10    0 9 10

1
3 10    0 9 10

1
3 10    0 9 10

4
0 10    0 2 10
1 10    2 4 10
2 10    4 6 10
7 5     7 9 10

1
7 10    0 9 10

1
7 10    0 9 10

1
7 10    0 9 10

4
3 5	    7 9 10
4 10    0 2 10
5 10    2 4 10
6 10    4 6 10


10

0 3 0
10
5 1 5 6 7 4 4 7 2 6

1 3 0
10
7 0 4 5 6 4 5 6 1 2

2 3 0
10
4 2 7 6 6 5 4 1 5 7

3 7 0
4
4 7 5 6

7 3 0
4
0 2 1 3

4 7 0
10
0 1 2 5 0 3 3 0 0 5

5 7 0
10
0 0 0 0 2 2 2 2 1 1

6 7 0
10
2 2 1 1 2 2 5 3 1 1

2 3 4
7
5 5 5 5 5 5 5

0 3 160
3
1 2 3


20

0 1 2 3 4 5 6 7 8 9 160 161 162 163 164 165 166 167 168 169
